0, 0, 0, 0, 0, 0, 0, 0, 0, 0 //hard 4
0, 0, 0, 0, 0, 0, 0, 0, 0, 0 //5
0, 0, 0, 0, 0, 0, 0, 0, 0, 0 //6
0, 0, 0, 0, 0, 0, 0, 0, 0, 0 //7
0, 0, 0, 0, 0, 0, 0, 0, 0, 0 //8
0, 2, 2, 2, 2, 0, 0, 0, 0, 0 //9
2, 2, 2, 2, 2, 2, 2, 2, 0, 0 //10
2, 2, 2, 2, 2, 2, 2, 2, 2, 0 //11
0, 0, 1, 1, 1, 0, 0, 0, 0, 0 //12
1, 1, 1, 1, 1, 0, 0, 0, 0, 0 //13
1, 1, 1, 1, 1, 0, 0, 0, 0, 0 //14
1, 1, 1, 1, 1, 0, 0, 0, 0, 0 //15
1, 1, 1, 1, 1, 0, 0, 0, 0, 0 //16
1, 1, 1, 1, 1, 1, 1, 1, 1, 1 //17
1, 1, 1, 1, 1, 1, 1, 1, 1, 1 //18
1, 1, 1, 1, 1, 1, 1, 1, 1, 1 //hard 19
0, 0, 0, 0, 2, 0, 0, 0, 0, 0 //soft 12
0, 0, 0, 2, 2, 0, 0, 0, 0, 0 //13
0, 0, 0, 2, 2, 0, 0, 0, 0, 0 //14
0, 0, 2, 2, 2, 0, 0, 0, 0, 0 //15
0, 0, 2, 2, 2, 0, 0, 0, 0, 0 //16
0, 2, 2, 2, 2, 0, 0, 0, 0, 0 //17
1, 5, 5, 5, 5, 1, 1, 0, 0, 0 //18
1, 1, 1, 1, 1, 1, 1, 1, 1, 1 //19
1, 1, 1, 1, 1, 1, 1, 1, 1, 1 //soft 20
3, 3, 3, 3, 3, 3, 0, 0, 0, 0 //2,2
3, 3, 3, 3, 3, 3, 0, 0, 0, 0 //3,3
0, 0, 0, 3, 3, 0, 0, 0, 0, 0 //4,4
2, 2, 2, 2, 2, 2, 2, 2, 0, 0 //5,5
3, 3, 3, 3, 3, 0, 0, 0, 0, 0 //6,6
3, 3, 3, 3, 3, 3, 0, 0, 0, 0 //7,7
3, 3, 3, 3, 3, 3, 3, 3, 3, 3 //8,8
3, 3, 3, 3, 3, 1, 3, 3, 1, 1 //9,9
1, 1, 1, 1, 1, 1, 1, 1, 1, 1 //10,10
3, 3, 3, 3, 3, 3, 3, 3, 3, 3 //A,A
